a>ab
b>b
1 2 3 4 5 6 7 8 9 10 11 12 13 14 15 16 17 18 19 20 ...

a>ab
b>a
1 2 3 5 8 13 21 34 55 89 144 233 377 610 987 1597 2584 4181 6765 10946 ...

---
a>ab (same as a>ab, b>b)
b>c
c>c
1 2 3 4 5 6 7 8 9 10 11 12 13 14 15 16 17 18 19 20 ...

a>ab (same as a>ab, b>b)
b>c
c>b
1 2 3 4 5 6 7 8 9 10 11 12 13 14 15 16 17 18 19 20 ...

a>ab
b>c
c>a
1 2 3 4 6 9 13 19 28 41 60 88 129 189 277 406 595 872 1278 1873 ...

a>ab (same as a>ab, b>a)
b>c
c>ab
1 2 3 5 8 13 21 34 55 89 144 233 377 610 987 1597 2584 4181 6765 10946 ...

a>ab
b>c
c>aa
1 2 3 5 9 15 25 43 73 123 209 355 601 1019 1729 2931 4969 8427 14289 24227 ...

a>ab
b>c
c>ac
1 2 3 5 9 16 28 49 86 151 265 465 816 1432 2513 4410 7739 13581 23833 41824 ...

a>ab
b>ac
c>c
1 2 4 7 12 20 33 54 88 143 232 376 609 986 1596 2583 4180 6764 10945 17710 ...

a>ab
b>ac
c>b
1 2 4 7 13 23 42 75 136 244 441 793 1431 2576 4645 8366 15080 27167 48961 ...

a>ab
b>ac
c>a
1 2 4 7 13 24 44 81 149 274 504 927 1705 3136 5768 10609 19513 35890 66012 ...
---
